-1.816844141097687270e+03
-1.510496126546034475e+03
-1.845243309473771205e+03
-1.335923355660600237e+03
-1.280548570102951089e+03
-1.890630325754124442e+03
-1.671991419956351820e+03
-1.315980125863153262e+03
-1.532409077485082889e+03
-1.650274182231817576e+03
-1.359481913304897489e+03
-1.753782238960713585e+03
-1.476617262942610296e+03
-1.356839638349300003e+03
-1.513368654996062560e+03
-1.491225678785381206e+03
-1.547311634986298031e+03
-1.813646694626359476e+03
-1.534215656036609971e+03
-1.400627579811759233e+03
-1.837406019606257360e+03
-1.303136477139765930e+03
-1.502254895246179785e+03
-1.394802071570970611e+03
-1.467683151184345888e+03
-1.360517259044532238e+03
-1.456385527538898259e+03
-1.459350369702438002e+03
-1.724914913172068736e+03
-1.282608951649646997e+03
-1.361869076189962470e+03
-1.601840679988391912e+03
-1.762871594287201788e+03
-1.002548632003075454e+03
-1.550336179594408804e+03
-1.814244044286888538e+03
-1.178218260478557113e+03
-1.501319481227896176e+03
-1.069888695680635692e+03
-1.671856564738196084e+03
-1.312834272002402258e+03
-1.340658745836369690e+03
-1.165465666598822736e+03
-1.079385461582681728e+03
-1.794881958330741782e+03
-1.367032746970076232e+03
-1.572063166595842404e+03
-1.186729185832216217e+03
-1.222177902884240666e+03
-1.586604573819727193e+03
-9.604095039596280685e+02
-9.811329729652820788e+02
-1.083525775540277209e+03
-1.313285032596848168e+03
-1.069353964907134241e+03
-1.226477881755024100e+03
-1.332713732397441845e+03
-1.208167279446020302e+03
-1.126717723769068243e+03
-1.419419481848796522e+03
-1.387057563445400774e+03
-1.384760563607682798e+03
-1.349122363457742040e+03
-1.452157297224327294e+03
-1.442330282763757623e+03
-1.192434109169462545e+03
-1.416579327998166946e+03
-1.588825925982644094e+03
-1.406484118725043800e+03
-1.154859306391309474e+03
-1.251923063576528875e+03
-1.277799914193758696e+03
-1.269340939290257438e+03
-1.284363486996040592e+03
-1.338652685258641668e+03
-1.501808300069132883e+03
-1.321155132304544850e+03
-1.271369111004353272e+03
-1.381865768332199650e+03
-1.189714818798276610e+03
-1.260392737303064678e+03
-9.649578420215875667e+02
-1.252897812772839416e+03
-1.336981798365531176e+03
-1.431119242389353531e+03
-1.318607360145816983e+03
-1.243764357733212591e+03
-1.264938026219077301e+03
-1.205952136283556911e+03
-1.152765946158111774e+03
-1.171033678253603739e+03
-1.334280233023527899e+03
-1.165690668871798835e+03
-1.365514529435515442e+03
-1.416730033153612112e+03
-1.165130670713131622e+03
-1.305513115198762762e+03
-1.300574349085470203e+03
-1.301769230868816749e+03
-1.232422848190402874e+03
-1.253627548450577933e+03
-1.292195108752481019e+03
-1.339232441667478042e+03
-1.333995567570923413e+03
-1.347386492108258835e+03
-1.329661363953993032e+03
-1.332867587768606199e+03
-1.223061384271644101e+03
-1.419818478528187370e+03
-1.363124431723377484e+03
-1.293895224843592814e+03
-1.227936743706594825e+03
-1.288193716681474598e+03
-1.370142491835502369e+03
-1.411719279812977902e+03
-1.156849813038734283e+03
-1.211026092991663063e+03
-1.369998734489942990e+03
-1.274954973963543580e+03
-1.292036139499001820e+03
-1.226330953208226674e+03
-1.287777388567835260e+03
-1.321637740982007699e+03
-1.171226496528241114e+03
-1.290922970189245007e+03
-1.286378952085495712e+03
-1.164675998857699369e+03
-1.451797189744522484e+03
-1.396608839502356886e+03
-1.277637591661195756e+03
-1.165645755875947543e+03
-1.429717149763965608e+03
-1.188223884685334497e+03
-1.245369935360249201e+03
-1.308453799845545518e+03
-1.475673356724994392e+03
-1.343481529128186367e+03
-1.478485981810544217e+03
-1.365422345167442927e+03
-1.272856159965455390e+03
-1.407979727400647107e+03
-1.359684234260124867e+03
-1.290071199016191485e+03
-1.460857725349209659e+03
-1.327657911671565671e+03
-1.294347081414057584e+03
-1.296473187178831722e+03
-1.363878482529760731e+03
-1.331353169048093832e+03
-1.374748896183050419e+03
-1.382081791799512075e+03
-1.433333125794715215e+03
-1.429046039459426538e+03
-1.506562765491730715e+03
-1.295642141885989304e+03
-1.472977845722913344e+03
-1.466477228975119488e+03
-1.320244890795536094e+03
-1.490785859619386201e+03
-1.329931766952467569e+03
-1.204206477813662332e+03
-1.335422098558119387e+03
-1.326744265749826127e+03
-1.352173606616195229e+03
-1.298352858401446838e+03
-1.441860157858175853e+03
-1.435028305364849757e+03
-1.355531823716753479e+03
-1.331644536151069360e+03
-1.358665790577676262e+03
-1.348561372155499384e+03
-1.308031234830808899e+03
-1.435929222566786166e+03
-1.344375394740214006e+03
-1.452779209861586651e+03
-1.348754110251117936e+03
-1.459731701282587892e+03
-1.472378268896475902e+03
-1.372749995853736891e+03
-1.269473138206612475e+03
-1.490542909928579320e+03
-1.473788970841266064e+03
-1.254397251590985434e+03
-1.269084100886912438e+03
-1.149518770644497408e+03
-1.177865771311857088e+03
-1.337461135822856022e+03
-1.139160563943650004e+03
-1.141677537599481411e+03
-1.391966036590036992e+03
-1.141112757893942216e+03
-1.377369923103397241e+03
-1.087511555087952047e+03
-1.415101307650699027e+03
-1.181523163983632458e+03
-1.335154641154736282e+03
-1.266440452696727107e+03
-1.174589819457928115e+03
-1.211481521819466934e+03
-1.239100976935756989e+03
-1.201428091290360044e+03
-1.215806024825027862e+03
-1.205802988519918699e+03
-1.174848661501650895e+03
-1.108785628544181009e+03
-1.278842073283342870e+03
-1.182964111926685746e+03
-1.168842855833011299e+03
-1.153720922850018496e+03
-1.195736166766314909e+03
-1.247439075246521497e+03
-1.198284545489682387e+03
-1.285297598652960687e+03
-1.030732573764451445e+03
-1.181862101566393449e+03
-1.191612878242208581e+03
-1.295529873158104238e+03
-1.189643707786160121e+03
-1.169332759582241579e+03
-1.298902210112963530e+03
-1.345224450643375576e+03
-1.174267466774838567e+03
-1.295266498748742379e+03
-1.179190826330732989e+03
-1.225620999749846987e+03
-1.325331783876117242e+03
-1.142166339318151586e+03
-1.206882770473361688e+03
-1.318682930573128715e+03
-1.337853614212190678e+03
-1.427243906701521837e+03
-1.319504055327094193e+03
-1.021341606671198747e+03
-1.386327058681702965e+03
-1.373018483277635823e+03
-1.385075672557052940e+03
-1.436346373669227432e+03
-1.388900648424642895e+03
-9.166190859829870305e+02
-1.176359978403414516e+03
-1.368073244732446710e+03
-1.445692648802429858e+03
-1.381363344730935296e+03
-1.402102670872487579e+03
-1.337342762116163385e+03
-1.236801663449763737e+03
-1.340287710508629061e+03
-1.348827305865736662e+03
-1.341758868058862390e+03
-1.288275614360258942e+03
-1.361539678412477770e+03
-1.205498682025854805e+03
-1.392014230902976124e+03
-1.319815297030034344e+03
-1.102221319297871105e+03
-1.327595195534874620e+03
-1.329046344770519454e+03
-1.059815606688844355e+03
-1.109370057327108270e+03
-1.332956792172688438e+03
-1.229100760189562379e+03
-1.157013090135562834e+03
-1.093218351139035349e+03
-1.248169612849889972e+03
-1.177224059766590699e+03
-1.277533692525428478e+03
-1.272938512924625002e+03
-1.181204578540305647e+03
-1.198274249698447420e+03
-1.208498317162977401e+03
-1.199958547947293710e+03
-1.190677053909535061e+03
-1.163947574297837946e+03
-1.006046573103900300e+03
-1.192683770085965762e+03
-1.124075920073335737e+03
-8.912149785328267626e+02
-1.179021426549346188e+03
-1.073347549185558819e+03
-8.776360624141576636e+02
-9.013583049294436478e+02
-1.148162908847531526e+03
-1.047991097918819833e+03
-1.092596192992531769e+03
-1.136546356193737665e+03
-1.192462339595342655e+03
-1.165025709871561276e+03
-1.043376671128848102e+03
-1.197329574381659768e+03
-1.055356911254649276e+03
-1.200604939132655545e+03
-1.128691941975325562e+03
-1.252806595963760628e+03
-1.100106532121077862e+03
-1.036175550496797996e+03
-1.128827320519718114e+03
-1.158787560135717740e+03
-1.040418909985405662e+03
-1.215349146940174478e+03
-1.130915390043698153e+03
-1.194845302255407432e+03
-1.222305822121253641e+03
-1.336185848248551338e+03
-1.135710971024121363e+03
-9.994315681594371199e+02
-1.092553961360780022e+03
-1.033414800036856150e+03
-1.092143455490411043e+03
-1.221415179938588608e+03
-1.149777121870292603e+03
-8.391807579432262401e+02
-9.132665406595299373e+02
-1.152487233315563572e+03
-1.166689445443205386e+03
-1.172857477835651252e+03
-1.184031353985905298e+03
-1.135971473982227508e+03
-1.189789325328920313e+03
-1.277725512656272258e+03
-1.220594145029580886e+03
-1.193293491962638200e+03
-1.209865688119822153e+03
-1.191023446742560054e+03
-1.195944824203174448e+03
-1.206733914616584798e+03
-1.195857836808562752e+03
-1.252363807001477198e+03
-1.317593365435286842e+03
-1.201131306981672651e+03
-1.319610492309401479e+03
-1.314123526476258803e+03
-1.295075601817886536e+03
-1.335634069060615275e+03
-1.310057498091688331e+03
-1.233298516541472964e+03
-1.344091652611690051e+03
-1.229864708359524229e+03
-1.310841888274329222e+03
-1.304312920627584845e+03
-1.344483438664432242e+03
-1.337497222168541157e+03
-1.350450496370020119e+03
-1.158249249657676046e+03
-1.203906702997054254e+03
-1.312485103037413637e+03
-1.277342432992732029e+03
-1.312347166170399532e+03
-1.201692855818178259e+03
-1.256318198038911078e+03
-1.316212647431896357e+03
-1.227607430831605143e+03
-1.168456603373363123e+03
-1.288253031714335521e+03
-1.159501574172707024e+03
-1.195176489994068788e+03
-1.170068737459028625e+03
-1.150504179095591326e+03
-1.175850055848180773e+03
-1.155953840706360552e+03
-1.065002504251294340e+03
-1.055259777963886563e+03
-1.146501939515702361e+03
-1.132560368935302904e+03
-1.153539908173193226e+03
-1.172014240630174754e+03
-1.049097154512446195e+03
-9.139579237588292244e+02
-1.057774760099132209e+03
-9.971745734246500206e+02
-1.046754603074954275e+03
-1.046370118509838676e+03
-1.043035764056146263e+03
-1.046548656430328037e+03
-1.014278393856530329e+03
-1.025374408759216522e+03
-1.084588987848214401e+03
-1.043110490034025815e+03
-9.115500953446548920e+02
-1.022843984700661736e+03
-7.908509091916916987e+02
-9.093060880508420496e+02
-1.109384256354586114e+03
-1.031031017318910472e+03
-1.190150428490974718e+03
-1.193802297542800716e+03
-1.029208369284224773e+03
-1.155147518758937849e+03
-1.111688507548330335e+03
-9.152320577686812157e+02
-9.106369305171347150e+02
-8.787263423530571345e+02
-9.530523278079575675e+02
-1.026337290711920332e+03
-7.626481564740198564e+02
-9.150932261363439011e+02
-9.002445985620365718e+02
-1.008811705542010714e+03
-8.958104863498449504e+02
-8.997255756910573155e+02
-1.043007815609071031e+03
-1.042435790159564704e+03
-7.387573067627436103e+02
-1.030233345754600350e+03
-1.152711686972299503e+03
-1.017738871160476720e+03
-1.159259806593818212e+03
-1.079759253567146061e+03
-1.041888520000400149e+03
-1.151938659115586461e+03
-1.096001905342040118e+03
-7.443357069922208211e+02
-1.079817330516235415e+03
-1.146058490525485013e+03
-7.909701265318477681e+02
-1.152735986501269963e+03
-1.208692878845310815e+03
-1.172318731619526034e+03
-1.182848709281092169e+03
-1.220482002115610612e+03
-1.112342986524013668e+03
-1.196866657987354756e+03
-1.178910866358325165e+03
-1.056647938449420508e+03
-1.162369531778679402e+03
-1.192002232641653336e+03
-1.159952005426494452e+03
-1.099991104544494192e+03
-1.078992625122441268e+03
-1.139356638406077991e+03
-9.262774802008835877e+02
-1.168617444625168446e+03
-1.048048006041074814e+03
-1.084920981772885170e+03
-1.059615716817096427e+03
-1.134278870458539586e+03
-1.046018618695496571e+03
-1.166109332717818006e+03
-1.085009441866218822e+03
-1.011772025324088418e+03
-1.049495717760417165e+03
-1.070752271299213135e+03
-9.752334463146302141e+02
-9.855594563723063857e+02
-1.098685655570026711e+03
-9.466608198743060711e+02
-1.052821121652616284e+03
-9.709840261964420733e+02
-7.593059864462521773e+02
-7.811888032454471613e+02
-9.361517160507875133e+02
-1.150733076595704688e+03
-1.034961734463457560e+03
-9.411540814224213136e+02
-1.025854786119358550e+03
-5.916867777584949408e+02
-8.774604876357590229e+02
-1.014583503472815778e+03
-1.005619795395259985e+03
-1.020533443109974655e+03
-1.027966148052462131e+03
-1.047706016059608146e+03
-1.050468295784897009e+03
-1.060664905353051154e+03
-1.053535553506552787e+03
-1.255855911271805326e+03
-1.230395474405189816e+03
-1.124107515828957730e+03
-1.240396097364919115e+03
-1.246905847315264509e+03
-1.242396341809605019e+03
-1.088574225750045571e+03
-1.188293587793220695e+03
-1.061864404810439737e+03
-1.195277464710341064e+03
-1.154478950289678096e+03
-1.174642870924536055e+03
-1.199444300844052577e+03
-1.151953453935868311e+03
-6.610337813728060610e+02
-1.057822287696685407e+03
-1.083113242215241144e+03
-9.504372770981568692e+02
-1.179077418612008842e+03
-9.299133998572272048e+02
-1.077692081644019481e+03
-1.029730502517009427e+03
-7.811594055807616996e+02
-7.648631567380034539e+02
-6.809701411054768414e+02
-9.046765687019532152e+02
-8.995381305606387059e+02
-8.868017414526646007e+02
-5.345606566051380923e+02
-7.698174826844508516e+02
-7.733030938138448391e+02
-1.031180300001613659e+03
-7.971846030825871594e+02
-1.007153941481683319e+03
-1.063524230713920133e+03
-1.040017551886428464e+03
-1.171861930662870691e+03
-7.562168098172028294e+02
-9.088342675946473719e+02
-9.304123165158478059e+02
-1.079600437061874118e+03
-1.194861853846147596e+03
-1.265361590890138814e+03
-1.276848226158628449e+03
-1.185965879962863710e+03
-1.014675974945865846e+03
-1.037987906540158065e+03
-1.282002271211555808e+03
-1.081635328009695058e+03
-1.044028313031024027e+03
-1.193011096809523451e+03
-1.089823887136702751e+03
-7.720666394101598371e+02
-1.181734984756345739e+03
-1.053259132876179137e+03
-9.278989042814129107e+02
-9.923424325086009503e+02
-1.028741023478223724e+03
-1.107511792027941510e+03
-1.170304597794046231e+03
-9.990225877326528234e+02
-1.059688931577298717e+03
-9.281290551245870120e+02
-9.971072565150661831e+02
-8.509564011888148798e+02
-7.787286951200029534e+02
-9.795622111843463244e+02
-7.515035596214870566e+02
-1.026681205181855375e+03
-1.159637449094818976e+03
-1.062982912111141331e+03
-1.019114547450287318e+03
-9.993055148219348212e+02
-8.659021150947518208e+02
-9.044792015046566576e+02
-1.009613770659331976e+03
-9.050382043685262943e+02
-1.041119662216078041e+03
-9.026215482250346440e+02
-1.034861823700483455e+03
-9.979327588804351308e+02
-1.011681959929680488e+03
-6.506073777886027756e+02
-6.299601688169082081e+02
-7.745567782311566134e+02
-7.550690387459038675e+02
-7.569597535872268281e+02
-5.068870518240186698e+02
-9.968580232274132413e+02
-7.789630463925160484e+02
-1.030381565300453758e+03
-1.123714322315089703e+03
-1.101559961493602941e+03
-1.182991678400103410e+03
-1.030551876626720968e+03
-1.365499088057008066e+03
-1.135714789555296193e+03
-1.049267427764609465e+03
-1.018630934122720419e+03
-1.158536248785779208e+03
-1.136930329399902575e+03
-9.523669520088294576e+02
-1.051477299682830790e+03
-1.059857984672248676e+03
-1.011387341854456508e+03
-1.000503451378056525e+03
-9.597237368229832555e+02
-1.028352775115516124e+03
-1.086760443479435253e+03
-7.414266622287636892e+02
-9.452953276704191694e+02
-1.036426191949571376e+03
-1.028141517415904900e+03
-8.956745472061219289e+02
-9.332297582859957856e+02
-7.801500587398224980e+02
-1.026794889349231198e+03
-9.444442323567311632e+02
-1.179527611296798341e+03
-1.140583891845002654e+03
-1.040488847938160461e+03
-1.147850013425196266e+03
-1.181290776044488666e+03
-1.129197332781883006e+03
-9.204239716243100702e+02
-8.491673612403293419e+02
-1.083296481076632062e+03
-1.070435819950441555e+03
-1.099401668338337686e+03
-1.169286133342772246e+03
-1.169588856021125366e+03
-1.138056587929177795e+03
-1.107425764952644613e+03
-1.050222912292024375e+03
-1.176015927485673956e+03
-9.304425300911509567e+02
-6.801257270455766957e+02
-1.046497694235596555e+03
-4.251542047606936308e+02
-8.842454037195705041e+02
-7.600069337196330252e+02
-8.415618516802420572e+02
-7.642189218069623848e+02
-9.930270922655397499e+02
-9.988772004904923278e+02
-1.033212906264002868e+03
-9.316968999242055816e+02
-9.098153629959001591e+02
-1.015202259124700845e+03
-8.706733730274887648e+02
-1.021119863696768903e+03
-7.993688967184929197e+02
-9.095569346787228824e+02
-1.043868152889127941e+03
-9.017141787696288020e+02
-9.026090402524228011e+02
-6.277354716323162620e+02
-7.988664427730359421e+02
-5.101724169317073461e+02
-6.152829586826072727e+02
-6.342432618857967555e+02
-7.318607027449521638e+02
-7.812572543254779021e+02
-7.383633354542627103e+02
-8.264090582796748095e+02
-6.554407654632168487e+02
-6.363432625793101352e+02
-5.025367690740111470e+02
-5.030073088320907573e+02
-8.970248753795840457e+02
-6.203678297450018135e+02
-9.163928654346889289e+02
-5.491430945588391523e+02
-6.317328631546720317e+02
-5.014053919110194784e+02
-9.577785821206578021e+02
-1.003917118956759964e+03
-1.035705367506109042e+03
-1.041963707092767436e+03
-9.263829547941145393e+02
-7.740851224700812736e+02
-6.342898617076465371e+02
-9.375915333122500215e+02
-5.129709095864271831e+02
-5.333216566138786447e+02
-9.685106135091655233e+02
-2.630625898437979231e+02
-9.550180378555501193e+02
-1.006543982492932855e+03
-5.466935209461735212e+02
-1.081953006869865476e+03
-9.243571886972132461e+02
-1.069109013307869873e+03
-1.023192902205959513e+03
-1.033468813746171236e+03
-5.249354637658966567e+02
-1.059404793419490488e+03
-1.053412372791570988e+03
-8.871571891566222803e+02
-1.068360640260688569e+03
-1.049802933146776240e+03
-9.251784122866378084e+02
-1.098584773378749560e+03
-9.981613285191444902e+02
-1.087488536399719806e+03
-1.059343875961058529e+03
-1.084462596778574834e+03
-1.183426635281327890e+03
-1.086058106925415132e+03
-7.830430816535840677e+02
-1.094882296076636067e+03
-1.102240833475277441e+03
-1.075898965531100430e+03
-1.078336634025217563e+03
-1.152415368720423203e+03
-1.050115987632734686e+03
-1.046569299977010814e+03
-1.169653945770706059e+03
-1.066965091590994234e+03
-9.443441582079065029e+02
-1.202128561015980040e+03
-1.144457000773095160e+03
-1.083347172200889418e+03
-1.067168830567336045e+03
-9.160922113868238057e+02
-1.163148913849636074e+03
-7.772940312863806867e+02
-1.164064303189705015e+03
-1.183137511200875906e+03
-7.578776383787468376e+02
-1.169599762550045170e+03
-1.072835136374673539e+03
-1.122933533607367281e+03
-4.941410190762391608e+02
-1.044563922002510481e+03
-9.175660606391865031e+02
-9.295833784902745265e+02
-8.792735218468795892e+02
-2.455186699806930619e+02
-7.790474159778274270e+02
-6.406212795734033989e+02
-7.673512507170045183e+02
-7.918761728957837249e+02
-7.610981834590595554e+02
-4.518630232115476701e+02
-7.862404985259474870e+02
-7.811720854082943788e+02
-5.103915212616064423e+02
-7.835168462196335213e+02
-6.519791927633366413e+02
-7.884317227218868993e+02
-9.007375914815030455e+02
-9.044615691920671452e+02
-1.025580074538878534e+03
-1.097621810542551884e+03
-4.808871988451629704e+02
-9.212504352788273536e+02
-3.864843953923896152e+02
-6.286324454351880604e+02
-5.224258852529034129e+02
-6.190716443158088396e+02
-9.118889282275969208e+02
-8.631852106383523733e+02
-6.593318387473066196e+02
-9.953653569099930110e+02
-9.066766271707639362e+02
-9.190183589714227992e+02
-6.428052277189286769e+02
-7.790787780757622158e+02
-7.979277887585280951e+02
-3.883249756420757421e+02
-7.738387625715852209e+02
-7.603427475837376051e+02
-6.340894837423452373e+02
-5.113255518008244280e+02
-9.245992345705122943e+02
-6.466858446368299838e+02
-7.753522091440643180e+02
-7.874465474314422408e+02
-4.982354061756985857e+02
-3.838386193198353453e+02
-6.363767280921226757e+02
-6.402473934946411873e+02
-4.425886478082331337e+02
-5.137467414594381125e+02
-7.945579044510769791e+02
-6.199602632824074817e+02
-5.311930135142461040e+02
-5.138680258597055399e+02
-3.903165833157452766e+02
-3.611792577441337357e+02
-7.819013365368044788e+02
-9.114660220763620373e+02
-1.036293221118671681e+03
-6.065775875951778744e+02
-7.821599029902762368e+02
-5.154698768725777427e+02
-5.185489638540341275e+02
-4.056469839952220013e+02
-5.806270729619452595e+02
-8.008483535521174872e+02
-5.130393035542988400e+02
-6.364491378762191971e+02
-3.921836913984118951e+02
-2.622805952494687176e+02
-8.045131295906435298e+02
-6.408677196299559000e+02
-3.870754114853994565e+02
-9.004604434074932442e+02
-9.378780442204870269e+02
-3.219320407273181104e+02
-9.139084321674747571e+02
-5.715651406342667542e+02
-2.721414040597617259e+02
-9.348069541649022085e+02
-9.286377020045747486e+02
-9.161204463277857712e+02
-4.747744350677536431e+02
-5.222740881219530138e+02
-8.744416832475872070e+02
-5.280564285061562941e+02
-3.874623193168214925e+02
-5.135265943283462775e+02
-9.006779790449788834e+02
-3.726825285302531938e+02
-7.434051394200835148e+02
-5.230378605156377034e+02
-9.071712660408824149e+02
-1.010355734563326678e+03
-3.967503246084560828e+02
-7.699007078567177587e+02
-9.120536840672679091e+02
-9.197671338362212055e+02
-3.121006065694771223e+02
-1.048661081249858853e+03
-4.916446332137672357e+02
-6.498141692753297320e+02
-3.594486520867367858e+02
-8.372970500236170892e+02
-1.017940968713853295e+03
-9.938905668040820274e+02
-1.016781472160938392e+03
-6.473046157212339722e+02
-1.338313290714444577e+02
-1.277044218976815841e+02
-9.265544616490267344e+02
-4.883823194376308834e+02
-1.520874068213411761e+02
-9.070106473189630378e+02
-8.173673871006061518e+02
-1.053736061629031155e+03
-1.036904738613743802e+03
-7.460542615152137387e+02
-4.335338978833127044e+02
-4.481037882292710606e+02
-2.573920727712169878e+02
-6.834469300468372239e+02
-7.920873765946574849e+02
-2.696744236098818419e+02
-7.889008988963178126e+02
-3.746967070896068890e+02
-3.233719207822546196e+02
-3.779841067295860739e+02
-3.299234063599541855e+00
-3.894720673957046984e+02
-6.329743702715769587e+02
-3.913902009160554485e+02
-7.122610627721612673e+02
-5.413057334473544415e+02
-5.009174661572205878e+02
-2.675399330307317882e+02
-5.035022947912408426e+02
-3.831849404971139279e+02
-6.702865857756841024e+02
-6.655234459897079660e+02
-8.001977022178730294e+02
-2.484830745497880571e+02
-1.326082158718613471e+02
-3.850122307636809751e+02
-4.977548037935804359e+02
-2.593362264702286097e+02
-6.405011211042080959e+02
-6.295737991820722073e+02
-8.422332139065149477e+02
-9.082279726382894296e+02
-9.874790296185551597e+02
-1.070883314875441556e+03
-1.031915731491928227e+03
-1.008243389633815013e+03
-1.056217125791885337e+03
-1.032364247809846120e+03
-1.040224119052038304e+03
-1.052108516262176181e+03
-1.346492561075095580e+02
-4.138053212638999412e+02
-5.527679487506733267e+02
-3.922012882646600929e+02
-3.898029474670913146e+02
-4.983732812615484136e+02
-3.708188380797564037e+02
-2.490281664525926431e+02
-1.313712366456394420e+02
-5.118804384576727102e+02
-2.529261751150598627e+02
-1.008597709656561051e+03
-1.004429107622152628e+03
-9.016082634652075285e+02
-1.045612152509318321e+03
-3.882660176273749926e+02
-1.264445943037613063e+02
-1.307203709854411500e+02
-2.670868450847131044e+02
-2.564665463765302889e+02
-1.315207880950907793e+02
-5.194393611799062001e+02
-3.760111653428906493e+02
-1.293810438157876774e+02
-3.709162270926794349e+02
-1.308182051950211076e+02
-2.552921227592481443e+02
-2.468076480631414427e+02
-3.735073247132968390e+02
-1.268464323284385671e+02
-4.008877134882172868e+02
-1.048137522662265837e+03
-9.558134674078939952e+02
-3.795904985418280830e+02
-1.348650715869485168e+02
-1.342216205090455503e+02
-1.302166735563219220e+02
-7.588575348588777914e+00
-2.556361466199567474e+02
-1.063636781623860315e+03
-9.224550941869297276e+02
-6.536909376432045065e+02
-7.741374338746288686e+02
-3.819345153579598104e+02
-1.274373057405589691e+02
-1.320718738834471537e+02
-1.287621997045669104e+02
-5.271466743718973476e+02
-2.570648132099051963e+02
-1.300097203841375233e+02
-1.298971559325158580e+02
-2.505610825543205351e+02
-3.760688314698007275e+02
-2.495930335691334108e+02
-5.836473845529945947e+02
-2.574886371141188306e+02
-5.499963866155441110e+02
-2.580720873987322648e+02
-2.607341520312891703e+02
-1.315674722288782732e+02
-2.604857012415506574e+02
-2.470463820077839330e+02
-1.603333543806704675e+00
-2.507598481360312519e+02
-3.886255438716877961e+02
-1.293853896726288895e+02
-5.320806165172241435e+02
-5.259525543825571958e+02
-3.909800765274125638e+02
-5.794668856940232899e+02
-1.300834509560727952e+02
-3.744906943393916663e+02
-2.496612363001960659e+02
-1.299156162667339061e+02
-9.239932370247868221e+02
-4.828113458887559091e+02
-2.529681116570770882e+02
-3.825897937367288932e+02
-3.750543698480551029e+02
-1.318039833701353416e+02
-4.395931654349740092e-01
-1.314164206838529481e+02
-2.548098745168557855e+02
-7.808006156547951377e+02
-7.579023360338968587e+02
-3.948226586724143949e-01
-4.081483813622979255e+02
-1.075337600579657192e+03
-3.971921032429673346e+02
-1.243420726302896810e+03
-1.184450952481613740e+03
-2.547304240289657002e+02
-9.038612687425544436e+02
-2.506459831081857885e+02
-5.576050749828580138e+02
-3.761442789181962780e+02
-1.293003126004646504e+02
-1.332725583206393480e+02
-1.298509863653388265e+02
-2.602987071613072771e+02
-2.578606603166699642e+02
-3.819242999824703020e+02
-2.565080776205126654e+02
-2.535965285259774191e+02
-5.538749732383049604e+02
-3.932840193720041384e+02
-2.577878076762375485e+02
-5.355083193654329534e+02
-4.729141681208542392e-01
-6.301753210794520328e+02
-5.029217920449942199e+02
-2.613653698293078378e+02
-3.851282760554681772e+02
-1.294860253905340528e+02
-2.588955960880032876e+02
-2.594322165623001979e+02
-1.332821326430299393e+02
-2.576562058023263830e+02
-2.597116984577804715e+02
-1.318230526174402542e+02
-6.058645701730252995e+02
-6.662578188513296027e+02
-1.297066180025490496e+02
-1.285167801978798536e+02
-2.528500262969106700e+02
-1.291447704362361151e+02
-5.331264362460485700e+02
-4.889804552069783767e+02
-2.571370076093074886e+02
-1.235524718296702531e+02
-4.025672024224253960e+02
-4.608209712650991605e+02
-8.306679990765194361e+02
-5.553633737841976199e+02
-2.469536166450631356e+02
-3.976247316497405677e+02
-2.556462857298571976e+02
-3.903241796757499742e+02
-2.527495609117900415e+02
-1.286295506767339702e+02
-2.494396779274449329e+02
-5.415908657028776219e-01
-6.713455340671064420e+00
